
                                                                                                    1

                                                                                          2

                                                                                                    1

                                                                                3

                                                                                          1

                                                                      4

                                                                                1

                                                            5

                                                                      1

                                                  7

                                                            2

                                        9

                                                  2

                              14

                                        5

                    20

                              6

          27

                    7

34

          7
